8.996210098266601562e+00 8.908172607421875000e+00
6.549286365509033203e+00 7.819173812866210938e+00
6.478848934173583984e+00 8.249977111816406250e+00
6.540598392486572266e+00 8.180724143981933594e+00
6.470561504364013672e+00 8.221637725830078125e+00
5.150192260742187500e+00 6.027915954589843750e+00
8.070168495178222656e+00 8.226388931274414062e+00
8.774069786071777344e+00 1.096491527557373047e+01
6.532425403594970703e+00 8.289102554321289062e+00
9.334761619567871094e+00 4.593146324157714844e+00
8.523542404174804688e+00 7.825730323791503906e+00
9.774384498596191406e+00 4.654029369354248047e+00
8.503332138061523438e+00 8.480902671813964844e+00
7.500443458557128906e+00 4.837470531463623047e+00
6.480347156524658203e+00 8.183566093444824219e+00
9.290704727172851562e+00 9.177546501159667969e+00
8.503429412841796875e+00 8.277158737182617188e+00
9.990727424621582031e+00 6.426007747650146484e+00
7.084700107574462891e+00 4.382575511932373047e+00
6.656593799591064453e+00 8.078515052795410156e+00
9.416359901428222656e+00 7.687804222106933594e+00
9.597477912902832031e+00 5.637144565582275391e+00
9.452298164367675781e+00 7.807705879211425781e+00
9.974040985107421875e+00 5.340770721435546875e+00
8.628148078918457031e+00 7.143457412719726562e+00
6.607464790344238281e+00 8.082993507385253906e+00
1.014755249023437500e+01 4.032660007476806641e+00
9.054984092712402344e+00 7.515775680541992188e+00
6.671034336090087891e+00 8.379773139953613281e+00
6.477867603302001953e+00 8.295828819274902344e+00
9.140804290771484375e+00 3.335313796997070312e+00
7.531236648559570312e+00 8.415569305419921875e+00
6.484845161437988281e+00 8.194664955139160156e+00
5.272428989410400391e+00 6.042951583862304688e+00
7.865654945373535156e+00 4.856462478637695312e+00
6.526271343231201172e+00 8.310127258300781250e+00
6.555989265441894531e+00 7.770794391632080078e+00
1.076230716705322266e+01 4.891340732574462891e+00
6.989404678344726562e+00 7.808361530303955078e+00
1.023502349853515625e+01 5.212854385375976562e+00
1.046532821655273438e+01 9.119314193725585938e+00
6.559629440307617188e+00 8.120738029479980469e+00
6.529584884643554688e+00 8.256542205810546875e+00
6.496476173400878906e+00 8.267846107482910156e+00
1.144570350646972656e+01 3.238500595092773438e+00
8.882933616638183594e+00 7.939371109008789062e+00
6.500935554504394531e+00 7.993809700012207031e+00
6.499431610107421875e+00 8.114675521850585938e+00
8.323852539062500000e+00 8.069668769836425781e+00
6.541907787322998047e+00 8.064293861389160156e+00
9.547944068908691406e+00 8.136572837829589844e+00
1.298503303527832031e+01 6.503411769866943359e+00
9.079150199890136719e+00 8.538607597351074219e+00
9.954632759094238281e+00 6.607483863830566406e+00
9.204973220825195312e+00 8.600642204284667969e+00
1.009186172485351562e+01 9.182497978210449219e+00
8.948172569274902344e+00 1.022288990020751953e+01
1.502944087982177734e+01 5.863233566284179688e+00
6.591325283050537109e+00 8.053934097290039062e+00
8.891223907470703125e+00 7.421728610992431641e+00
1.162220001220703125e+01 7.736855506896972656e+00
6.506730556488037109e+00 8.005250930786132812e+00
9.330460548400878906e+00 3.922532320022583008e+00
6.739543437957763672e+00 8.519344329833984375e+00
3.901098489761352539e+00 1.106934785842895508e+00
9.285943984985351562e+00 8.152923583984375000e+00
1.681382298469543457e+00 7.279490470886230469e+00
9.897061347961425781e+00 5.206376552581787109e+00
5.919943332672119141e+00 6.839093208312988281e+00
8.405753135681152344e+00 7.277400016784667969e+00
6.641072273254394531e+00 8.193820953369140625e+00
1.053946208953857422e+01 7.009849548339843750e+00
1.113675880432128906e+01 4.827907085418701172e+00
1.087216758728027344e+01 9.996982574462890625e+00
7.685417652130126953e+00 9.366059303283691406e+00
6.539835929870605469e+00 8.115633964538574219e+00
7.106182098388671875e+00 4.637345790863037109e+00
6.642184257507324219e+00 8.181698799133300781e+00
8.789584159851074219e+00 9.130216598510742188e+00
9.645081520080566406e+00 3.747602462768554688e+00
9.042179107666015625e+00 2.211626291275024414e+00
6.598444461822509766e+00 8.125743865966796875e+00
7.814889907836914062e+00 6.591253757476806641e+00
6.286933422088623047e+00 5.632296562194824219e+00
8.379134178161621094e+00 6.175828456878662109e+00
7.652562141418457031e+00 7.120219230651855469e+00
5.834714889526367188e+00 5.459445476531982422e+00
9.625885963439941406e+00 8.606058120727539062e+00
1.100453090667724609e+01 4.516960620880126953e+00
7.777926921844482422e+00 8.451815605163574219e+00
7.938804149627685547e+00 2.063596487045288086e+00
8.750586509704589844e+00 1.018378829956054688e+01
8.542881011962890625e+00 1.720545172691345215e+00
1.022922992706298828e+01 5.189599990844726562e+00
1.200278282165527344e+01 2.541360616683959961e+00
9.136857032775878906e+00 6.295741081237792969e+00
7.845022201538085938e+00 2.289825916290283203e+00
7.807982921600341797e+00 2.521133184432983398e+00
8.656319618225097656e+00 9.898249626159667969e+00
1.255625534057617188e+01 6.145425796508789062e+00
9.870310783386230469e+00 7.011454582214355469e+00
8.262352943420410156e+00 2.834413528442382812e+00
7.904804706573486328e+00 8.000682830810546875e+00
9.236119270324707031e+00 7.496024131774902344e+00
9.387206077575683594e+00 7.471145153045654297e+00
8.833806991577148438e+00 2.249470949172973633e+00
8.536481857299804688e+00 2.142904281616210938e+00
9.719001770019531250e+00 7.778496265411376953e+00
6.518841743469238281e+00 8.210519790649414062e+00
7.614769935607910156e+00 6.658019065856933594e+00
7.448550701141357422e+00 9.507278442382812500e+00
1.076636028289794922e+01 6.832786083221435547e+00
1.149831295013427734e+01 5.633064746856689453e+00
9.740550994873046875e+00 9.506155014038085938e+00
9.307626724243164062e+00 6.852422237396240234e+00
7.762939453125000000e+00 1.005024051666259766e+01
9.546263694763183594e+00 8.018135070800781250e+00
7.517440319061279297e+00 8.019632339477539062e+00
7.250549316406250000e+00 6.199842453002929688e+00
9.343822479248046875e+00 6.830932140350341797e+00
7.254133224487304688e+00 9.228756904602050781e+00
1.254398345947265625e+01 3.347280740737915039e+00
9.413909912109375000e+00 7.345114707946777344e+00
1.024808406829833984e+01 7.803717136383056641e+00
1.026086235046386719e+01 7.874868392944335938e+00
8.484442710876464844e+00 6.327123165130615234e+00
6.423350334167480469e+00 7.014632225036621094e+00
9.900646209716796875e+00 7.760266304016113281e+00
7.080684185028076172e+00 6.289048671722412109e+00
1.278778839111328125e+01 3.583527803421020508e+00
6.500471115112304688e+00 8.218387603759765625e+00
1.256341457366943359e+01 6.349224567413330078e+00
9.106591224670410156e+00 7.152630329132080078e+00
7.956611633300781250e+00 2.692502021789550781e+00
5.512189865112304688e+00 6.868494510650634766e+00
9.323117256164550781e+00 7.164963722229003906e+00
7.709311008453369141e+00 2.457774162292480469e+00
1.239728355407714844e+01 4.118474006652832031e+00
1.048880958557128906e+01 8.892989158630371094e+00
1.059553432464599609e+01 9.057981491088867188e+00
9.913204193115234375e+00 5.735393047332763672e+00
8.707481384277343750e+00 7.930956840515136719e+00
9.260702133178710938e+00 7.980033874511718750e+00
7.899154186248779297e+00 2.358860015869140625e+00
1.254296684265136719e+01 6.663610935211181641e+00
6.473379135131835938e+00 8.285413742065429688e+00
8.270639419555664062e+00 2.351657867431640625e+00
1.264793872833251953e+01 4.956291675567626953e+00
9.612165451049804688e+00 8.042929649353027344e+00
8.843045234680175781e+00 7.766457557678222656e+00
8.389629364013671875e+00 6.354278087615966797e+00
7.972627639770507812e+00 2.137205600738525391e+00
7.986650943756103516e+00 2.122625350952148438e+00
5.717932701110839844e+00 6.807080268859863281e+00
8.058693885803222656e+00 8.851039886474609375e+00
7.491131305694580078e+00 5.079556941986083984e+00
7.284652233123779297e+00 9.251974105834960938e+00
7.922505378723144531e+00 2.341327667236328125e+00
7.664706230163574219e+00 4.302605152130126953e+00
9.007026672363281250e+00 8.601950645446777344e+00
8.585502624511718750e+00 8.405180931091308594e+00
7.639566063880920410e-01 6.184257984161376953e+00
9.728059768676757812e+00 7.013421058654785156e+00
6.872364044189453125e+00 8.967835426330566406e+00
7.139259338378906250e+00 2.272681713104248047e+00
1.022433948516845703e+01 3.047843217849731445e+00
1.056862449645996094e+01 4.007511138916015625e+00
7.922278881072998047e+00 9.014895439147949219e+00
1.025606727600097656e+01 6.033456802368164062e+00
1.620772957801818848e+00 7.253071308135986328e+00
1.135348892211914062e+01 3.320699453353881836e+00
6.545956611633300781e+00 8.125440597534179688e+00
8.399676322937011719e+00 1.039333534240722656e+01
6.673301696777343750e+00 6.900331497192382812e+00
5.828762531280517578e+00 6.871064186096191406e+00
5.610169887542724609e+00 2.732123613357543945e+00
1.102133941650390625e+01 3.175839424133300781e+00
9.736953735351562500e+00 4.183482170104980469e+00
8.387634277343750000e+00 5.878022193908691406e+00
8.107710838317871094e+00 6.892140388488769531e+00
8.767390251159667969e+00 5.901053428649902344e+00
1.028114032745361328e+01 2.367806911468505859e+00
8.656419754028320312e+00 4.957607269287109375e+00
1.060197639465332031e+01 7.052961349487304688e+00
9.293826103210449219e+00 6.946488380432128906e+00
8.682939529418945312e+00 9.098121643066406250e+00
1.502511596679687500e+01 5.863331317901611328e+00
1.122682571411132812e+01 3.962105751037597656e+00
6.118433475494384766e+00 7.992609977722167969e+00
1.181881523132324219e+01 2.424412727355957031e+00
8.587669372558593750e+00 8.145862579345703125e+00
1.247965526580810547e+01 5.467651367187500000e+00
1.117591953277587891e+01 5.643719673156738281e+00
4.723062992095947266e+00 6.073997497558593750e+00
9.031509399414062500e+00 3.892251014709472656e+00
1.015214252471923828e+01 4.395391941070556641e+00
1.152474975585937500e+01 2.276723146438598633e+00
1.160066032409667969e+01 6.367128849029541016e+00
6.848548889160156250e+00 7.904336929321289062e+00
1.255117797851562500e+01 3.354331731796264648e+00
6.543540477752685547e+00 8.105941772460937500e+00
1.231418323516845703e+01 4.283417701721191406e+00
7.529138088226318359e+00 6.143483161926269531e+00
1.037374591827392578e+01 9.490981101989746094e+00
7.692658901214599609e-01 6.187186241149902344e+00
7.519077301025390625e+00 6.671696186065673828e+00
5.981165409088134766e+00 8.008594512939453125e+00
9.350363731384277344e+00 7.948897361755371094e+00
7.325095176696777344e+00 6.153693675994873047e+00
1.126058006286621094e+01 7.185795783996582031e+00
1.163827323913574219e+01 4.974467754364013672e+00
6.609982490539550781e+00 4.190741539001464844e+00
5.625152111053466797e+00 6.787834167480468750e+00
9.688962936401367188e+00 7.924105167388916016e+00
5.895098686218261719e+00 6.878393650054931641e+00
8.852194786071777344e+00 6.977754592895507812e+00
1.137810802459716797e+01 8.563489913940429688e+00
8.330164909362792969e+00 3.290175199508666992e+00
1.102233886718750000e+01 5.979938507080078125e+00
7.985972881317138672e+00 7.065458774566650391e+00
7.374767303466796875e+00 5.711778163909912109e+00
1.292151260375976562e+01 4.339178562164306641e+00
5.549951076507568359e+00 6.655892848968505859e+00
6.474876403808593750e+00 8.191082954406738281e+00
9.991619110107421875e+00 4.615844726562500000e+00
1.199687576293945312e+01 4.021343708038330078e+00
8.123534202575683594e+00 3.733799457550048828e+00
9.318201065063476562e+00 3.564397573471069336e+00
1.037384986877441406e+01 9.220947265625000000e+00
9.026565551757812500e+00 1.028147125244140625e+01
8.689574241638183594e+00 1.005214691162109375e+01
8.089203834533691406e+00 7.293046951293945312e+00
5.009830951690673828e+00 5.651791572570800781e+00
9.258932113647460938e+00 7.592918395996093750e+00
1.063838291168212891e+01 9.482260704040527344e+00
1.050153827667236328e+01 7.412085056304931641e+00
7.254707336425781250e+00 4.313850402832031250e+00
5.981882572174072266e+00 7.432107925415039062e+00
6.917819023132324219e+00 4.960052490234375000e+00
8.903337478637695312e+00 3.551637172698974609e+00
9.487758636474609375e+00 5.449264526367187500e+00
1.194085693359375000e+01 2.798201560974121094e+00
7.579563140869140625e+00 7.351563453674316406e+00
9.033843994140625000e+00 4.019693851470947266e+00
5.980719089508056641e+00 4.543519973754882812e+00
9.134942054748535156e+00 5.506137847900390625e+00
9.807728767395019531e+00 3.973391771316528320e+00
1.101752471923828125e+01 3.477930068969726562e+00
8.092274665832519531e+00 6.213351249694824219e+00
7.939431190490722656e+00 7.352148532867431641e+00
1.103474521636962891e+01 3.672553062438964844e+00
1.146084666252136230e+00 7.417919158935546875e+00
8.531926155090332031e+00 7.005537986755371094e+00
9.589333534240722656e+00 3.021027326583862305e+00
1.130399417877197266e+01 3.621237993240356445e+00
1.031287479400634766e+01 8.057218551635742188e+00
1.219120788574218750e+01 6.257098197937011719e+00
1.107656574249267578e+01 6.506474971771240234e+00
7.782345771789550781e+00 9.699850082397460938e+00
1.128730773925781250e+00 7.187067031860351562e+00
1.132205104827880859e+01 2.452688455581665039e+00
9.885565757751464844e+00 9.167596817016601562e+00
5.209022521972656250e+00 5.846956253051757812e+00
9.869760513305664062e+00 4.897629261016845703e+00
1.064806747436523438e+01 4.696125984191894531e+00
1.062954235076904297e+01 2.574853658676147461e+00
1.222549819946289062e+01 6.213460922241210938e+00
6.332213878631591797e+00 4.674839496612548828e+00
7.671010017395019531e+00 7.874639987945556641e+00
1.126990318298339844e+01 2.885952234268188477e+00
9.212234497070312500e+00 9.181246757507324219e+00
8.137706756591796875e+00 5.441413402557373047e+00
7.866486072540283203e+00 7.269978523254394531e+00
1.156364536285400391e+01 4.206855773925781250e+00
9.693504333496093750e+00 1.301490020751953125e+01
6.067543983459472656e+00 7.012718677520751953e+00
8.458669662475585938e+00 7.487862110137939453e+00
9.462800979614257812e+00 4.357235431671142578e+00
1.244761276245117188e+01 3.330352783203125000e+00
7.107642650604248047e+00 4.596613407135009766e+00
8.687198638916015625e+00 1.107658863067626953e+01
1.291332244873046875e+01 4.371587276458740234e+00
8.254686355590820312e+00 4.316454410552978516e+00
8.105436325073242188e+00 5.644253730773925781e+00
8.127726554870605469e+00 5.234118938446044922e+00
1.145162677764892578e+01 4.084608078002929688e+00
7.057933330535888672e+00 9.083341598510742188e+00
1.148607158660888672e+01 5.547769069671630859e+00
8.042221069335937500e+00 4.741314888000488281e+00
1.070522117614746094e+01 8.385681152343750000e+00
7.921697139739990234e+00 8.572304725646972656e+00
6.183175086975097656e+00 6.858751296997070312e+00
8.411798477172851562e+00 9.007448196411132812e+00
7.188348293304443359e+00 5.660500049591064453e+00
7.742398262023925781e+00 7.978535652160644531e+00
6.682791233062744141e+00 8.104835510253906250e+00
1.019352912902832031e+01 4.193006038665771484e+00
1.151116275787353516e+01 2.458425521850585938e+00
9.222956657409667969e+00 5.512101650238037109e+00
6.061550140380859375e+00 6.932998657226562500e+00
7.276326656341552734e+00 8.598527908325195312e+00
7.160260200500488281e+00 5.834626674652099609e+00
1.230162525177001953e+01 4.148431777954101562e+00
9.815182685852050781e+00 3.881645441055297852e+00
8.113673210144042969e+00 7.247242927551269531e+00
5.315011501312255859e+00 5.740671634674072266e+00
1.285908126831054688e+01 3.542060613632202148e+00
1.114294719696044922e+01 8.949838638305664062e+00
8.579459190368652344e+00 5.118554115295410156e+00
1.020481014251708984e+01 7.243956923484802246e-01
1.450900316238403320e+00 7.109467983245849609e+00
8.057421684265136719e+00 9.068643569946289062e+00
7.757926464080810547e+00 4.796081542968750000e+00
7.821900367736816406e+00 7.770801067352294922e+00
9.594743728637695312e+00 8.614385604858398438e+00
1.007447433471679688e+01 9.220046997070312500e+00
9.290871620178222656e+00 3.608869314193725586e+00
9.266497611999511719e+00 7.730161666870117188e+00
1.266293621063232422e+01 4.025849819183349609e+00
8.554011344909667969e+00 5.378246307373046875e+00
7.891093730926513672e+00 7.633235931396484375e+00
8.907532691955566406e+00 1.058670806884765625e+01
3.862559318542480469e+00 6.307256221771240234e+00
1.350500583648681641e+01 2.371668338775634766e+00
8.660223007202148438e+00 2.371912717819213867e+00
9.187032699584960938e+00 6.707444667816162109e+00
5.279277324676513672e+00 6.734773159027099609e+00
9.713942527770996094e+00 9.157652854919433594e+00
8.397203445434570312e+00 9.371212959289550781e+00
1.261970233917236328e+01 5.350218296051025391e+00
7.327758312225341797e+00 5.624821186065673828e+00
1.021678256988525391e+01 3.959734678268432617e+00
9.472670555114746094e+00 8.242333412170410156e+00
9.048652648925781250e+00 9.188055992126464844e+00
5.668112277984619141e+00 6.795540332794189453e+00
7.040472030639648438e+00 5.916173458099365234e+00
1.129188823699951172e+01 4.027147293090820312e+00
8.480753898620605469e+00 1.057873535156250000e+01
7.112028598785400391e+00 4.761355400085449219e+00
8.612158775329589844e+00 1.691501855850219727e+00
9.140451431274414062e+00 2.580419301986694336e+00
1.057909393310546875e+01 6.656480789184570312e+00
1.071189308166503906e+01 5.867236614227294922e+00
1.001668453216552734e+01 5.558362007141113281e+00
8.169576644897460938e+00 7.021138668060302734e+00
7.439636230468750000e+00 8.223276138305664062e+00
8.923518180847167969e+00 8.500307083129882812e+00
7.870767593383789062e+00 6.434987068176269531e+00
9.315526008605957031e+00 7.923650264739990234e+00
3.880161046981811523e+00 6.301590442657470703e+00
7.561470508575439453e+00 7.839448451995849609e+00
3.875992059707641602e+00 6.304318428039550781e+00
5.977157592773437500e+00 5.310215950012207031e+00
7.130996227264404297e+00 4.829373359680175781e+00
7.476278305053710938e+00 5.456976890563964844e+00
8.432526588439941406e+00 9.949556350708007812e+00
7.604643821716308594e+00 9.602945327758789062e+00
6.054306983947753906e+00 7.052608489990234375e+00
1.013712215423583984e+01 4.513363361358642578e+00
6.659838199615478516e+00 7.141691684722900391e+00
1.202474975585937500e+01 4.103396415710449219e+00
1.001644039154052734e+01 6.882469177246093750e+00
1.052154922485351562e+01 9.440458297729492188e+00
9.012783050537109375e+00 6.724034786224365234e+00
1.018489551544189453e+01 7.179150581359863281e+00
8.040410041809082031e+00 4.950372695922851562e+00
1.255533409118652344e+01 6.501197338104248047e+00
8.789134025573730469e+00 1.854328036308288574e+00
6.146544456481933594e+00 6.945734024047851562e+00
1.112521076202392578e+01 4.001272201538085938e+00
1.064735221862792969e+01 5.658431053161621094e+00
9.117297172546386719e+00 7.568620681762695312e+00
1.022226715087890625e+01 8.830018043518066406e+00
4.844251632690429688e+00 5.588441848754882812e+00
7.619724750518798828e+00 4.874661445617675781e+00
6.414496421813964844e+00 8.254616737365722656e+00
8.703204154968261719e+00 6.501913070678710938e+00
1.072476100921630859e+01 7.588079452514648438e+00
8.990180969238281250e+00 8.724533081054687500e+00
8.476080894470214844e+00 8.110755920410156250e+00
9.074394226074218750e+00 7.020178794860839844e+00
1.151384067535400391e+01 3.136569023132324219e+00
8.936428070068359375e+00 9.891860008239746094e+00
9.753705024719238281e+00 5.900457382202148438e+00
7.391690254211425781e+00 7.667756557464599609e+00
8.657512664794921875e+00 1.078765964508056641e+01
1.193183803558349609e+01 5.892723083496093750e+00
7.166797637939453125e+00 5.930211067199707031e+00
1.007006072998046875e+01 9.518166542053222656e+00
9.097706794738769531e+00 6.135976791381835938e+00
7.576941013336181641e+00 8.915230751037597656e+00
8.958911895751953125e+00 8.435216903686523438e+00
9.355323791503906250e+00 1.041152095794677734e+01
7.209917545318603516e+00 4.750019073486328125e+00
9.706959724426269531e+00 9.033715248107910156e+00
9.048472404479980469e+00 8.144927978515625000e+00
7.001560211181640625e+00 5.320368766784667969e+00
9.100835800170898438e+00 7.531294822692871094e+00
1.093318748474121094e+01 4.321560859680175781e+00
7.910391807556152344e+00 9.175910949707031250e+00
1.163817691802978516e+01 7.001812934875488281e+00
7.629316329956054688e+00 8.401371955871582031e+00
8.364614486694335938e+00 7.506145000457763672e+00
7.851021766662597656e+00 8.527327537536621094e+00
7.678685665130615234e+00 8.772599220275878906e+00
9.099828720092773438e+00 6.249942779541015625e+00
8.203131675720214844e+00 8.261115074157714844e+00
1.074366950988769531e+01 8.862676620483398438e+00
9.765840530395507812e+00 7.375091075897216797e+00
8.054399490356445312e+00 2.398680210113525391e+00
1.007559967041015625e+01 5.826616764068603516e+00
7.574226379394531250e+00 7.696117877960205078e+00
1.156361770629882812e+01 6.342401027679443359e+00
1.242910480499267578e+01 5.089031696319580078e+00
1.267452049255371094e+01 5.223738193511962891e+00
1.061632156372070312e+01 9.350573539733886719e+00
1.000271701812744141e+01 6.880112171173095703e+00
1.160122013092041016e+01 2.863462448120117188e+00
8.078080177307128906e+00 7.045340538024902344e+00
1.129403114318847656e+01 3.838755846023559570e+00
1.093442726135253906e+01 7.581939697265625000e+00
1.188581180572509766e+01 4.355154037475585938e+00
9.603529930114746094e+00 7.161233901977539062e+00
9.222438812255859375e+00 2.918897867202758789e+00
6.476173877716064453e+00 7.993587017059326172e+00
9.866658210754394531e+00 8.864962577819824219e+00
8.933171272277832031e+00 4.987576007843017578e+00
1.105696010589599609e+01 3.967947721481323242e+00
8.703127861022949219e+00 5.019007682800292969e+00
1.216127395629882812e+01 4.135402202606201172e+00
1.013339233398437500e+01 6.962455272674560547e+00
1.031239128112792969e+01 6.799052715301513672e+00
1.076031208038330078e+01 5.807023048400878906e+00
8.559199333190917969e+00 9.821980476379394531e+00
8.638095855712890625e+00 8.445236206054687500e+00
